 0.258347 0.258395 0.258394 0.258395 0.258391 0.258393 
 0.259945 0.258979 0.258917 0.258979 0.259098 0.258833 
 0.264867 0.259787 0.259798 0.259787 0.265413 0.259472 
 0.297136 0.263258 0.274229 0.263308 0.422674 0.272845 
 0.389580 0.273294 0.415056 0.277204 0.780914 0.423771 
 0.619558 0.317917 0.842562 0.502428 0.937238 0.890241 
 1.000000 1.000000 1.000000 1.000154 1.000000 57592716795552049742480114974720.000000 
 0.666667 0.990999 7657069002.288666 35992395340413163069251860173887251353297294983168.000000 1.693335 41801465774423422507095518508942138277888.000000 
 0.257424 0.257408 0.257407 0.257408 0.257406 0.257407 
 0.259111 0.257492 0.257472 0.257492 0.257796 0.257471 
 0.264165 0.257748 0.257930 0.257748 0.264146 0.257929 
 0.297196 0.259615 0.271794 0.259664 0.422565 0.272065 
 0.392488 0.267227 0.414161 0.271119 0.780527 0.425046 
 0.634960 0.308675 0.843374 0.495737 0.938020 0.884612 
 1.006664 0.784490 0.984116 128364841060.006012 0.985585 8300113515004771249155143635106291316129005568.000000 
 0.999929 0.997291 821534432.413512 768853484927320026334824850909929480444006367232.000000 0.978114 8093879847456179796526416673989915049984.000000 
